0.000000
0.000000
0.000000
0.000000
0.000000
0.000000
0.000000
0.000000
0.000000
0.000000
0.000000
0.000000
0.000000
0.000000
0.000000
0.000000
0.000000
0.000000
0.000000
0.000000
0.000000
0.000000
0.000000
0.000000
0.000000
0.000000
0.000000
0.000000
0.000000
0.000000
0.000000
0.000000
0.000000
0.000000
0.000000
0.000000
0.000000
0.000000
0.000000
0.000000
0.000000
0.000000
0.000000
0.000000
0.000000
0.000000
0.000000
0.000000
0.000000
0.000000
0.000000
0.000000
0.000000
0.000000
0.000000
0.000000
0.000000
0.000000
0.000000
0.000000
0.000000
0.000000
0.000000
0.000000
0.000000
0.000000
-0.000000
-0.000000
0.000000
0.000000
-0.000000
-0.000000
0.000000
0.000000
0.000000
-0.000000
-0.000000
0.000000
0.000000
-0.000000
-0.000000
-0.000000
0.000000
0.000000
-0.000000
-0.000000
-0.000000
0.000000
0.000000
-0.000000
-0.000000
-0.000000
0.000000
0.000000
-0.000000
-0.000000
-0.000000
0.000000
0.000000
0.000000
-0.000000
-0.000000
-0.000000
0.000000
0.000000
-0.000000
-0.000000
-0.000000
0.000000
0.000000
0.000000
0.000000
-0.000000
-0.000000
-0.000000
0.000000
0.000000
0.000000
-0.000000
-0.000000
-0.000000
-0.000000
0.000000
0.000000
0.000000
-0.000000
-0.000002
-0.000007
-0.000011
-0.000006
0.000028
0.000114
0.000274
0.000486
0.000602
0.000155
-0.001967
-0.007898
-0.020893
-0.044616
-0.081151
-0.127841
-0.174200
-0.201148
-0.184999
-0.107042
0.033723
0.210889
0.371727
0.453517
0.411432
0.245086
0.007640
-0.211709
-0.326387
-0.293291
-0.133844
0.076645
0.245917
0.308257
0.252047
0.119071
-0.020905
-0.105026
-0.104518
-0.033102
0.064563
0.136442
0.146038
0.084413
-0.031295
-0.168600
-0.292850
-0.377234
-0.407153
-0.380042
-0.303098
-0.190487
-0.060536
0.066849
0.172700
0.241798
0.265426
0.243225
0.183549
0.101808
0.016864
-0.053555
-0.097158
-0.109910
-0.096083
-0.065411
-0.028806
0.005756
0.035652
0.062941
0.091144
0.121581
0.150887
0.171021
0.172198
0.147154
0.094689
0.021455
-0.059066
-0.130407
-0.177953
-0.193191
-0.176264
-0.135303
-0.082927
-0.032105
0.007530
0.032055
0.042949
0.044887
0.043217
0.041498
0.040163
0.037203
0.029866
0.016460
-0.002368
-0.023631
-0.042951
-0.056068
-0.060358
-0.055284
-0.042122
-0.023342
-0.001236
0.022853
0.047942
0.072705
0.094807
0.110290
0.114475
0.104106
0.078820
0.041925
0.000379
-0.037121
-0.062785
-0.071757
-0.063716
-0.043387
-0.019046
0.000215
0.007314
-0.000442
-0.020345
-0.045531
-0.067669
-0.079531
-0.077151
-0.060909
-0.034757
-0.004778
0.022324
0.041043
0.048404
0.044516
0.032326
0.016608
0.002324
-0.007056
-0.010264
-0.007961
-0.001968
0.005651
0.013344
0.019916
0.023965
0.024058
0.018771
0.007110
-0.010302
-0.030898
-0.050374
-0.063177
-0.063940
-0.049264
-0.018946
0.023335
0.070287
0.112571
0.141011
0.148995
0.133985
0.098226
0.048278
-0.007018
-0.058465
-0.098384
-0.122387
-0.129763
-0.122836
-0.106135
-0.084824
-0.062873
-0.042503
-0.023866
-0.005334
0.014944
0.037850
0.062602
0.086346
0.104719
0.113200
0.108138
0.087765
0.053040
0.007764
-0.041685
-0.087481
-0.121827
-0.138593
-0.134729
-0.110445
-0.068915
-0.016027
0.040349
0.091108
0.126972
0.141048
0.131090
0.100203
0.056230
0.009091
-0.032498
-0.062815
-0.079504
-0.083230
-0.076475
-0.062781
-0.046373
-0.030863
-0.018131
-0.007814
0.002508
0.015760
0.033222
0.053442
0.072466
0.085215
0.087413
0.077033
0.054940
0.024488
-0.009284
-0.040767
-0.065226
-0.079844
-0.084114
-0.079667
-0.069227
-0.055395
-0.040055
-0.024020
-0.007341
0.010012
0.027901
0.045730
0.061994
0.074364
0.080053
0.076488
0.062596
0.039600
0.010854
-0.019066
-0.045864
-0.066628
-0.079866
-0.084967
-0.081585
-0.069503
-0.049327
-0.023196
0.005086
0.030806
0.049759
0.059464
0.059660
0.052005
0.039250
0.024419
0.010300
-0.000946
-0.007960
-0.010332
-0.008722
-0.004628
0.000029
0.003390
0.004338
0.002849
-0.000138
-0.003044
-0.004479
-0.003940
-0.001941
0.000319
0.001632
0.001503
0.000199
-0.001787
-0.004152
-0.007146
-0.011232
-0.016314
-0.021373
-0.024578
-0.023914
-0.018227
-0.007810
0.005602
0.019264
0.030235
0.036059
0.035334
0.028044
0.015779
0.001580
-0.010810
-0.017983
-0.018045
-0.011396
-0.000499
0.010974
0.019208
0.021538
0.016980
0.006396
-0.007622
-0.021569
-0.031888
-0.035953
-0.032907
-0.023724
-0.010697
0.003415
0.016415
0.026864
0.033832
0.036376
0.033055
0.022436
0.004034
-0.020832
-0.048515
-0.073686
-0.090687
-0.094741
-0.083204
-0.056079
-0.015968
0.032016
0.080978
0.123223
0.151424
0.160073
0.146698
0.112565
0.062868
0.005933
-0.048467
-0.091441
-0.117208
-0.124259
-0.114976
-0.093907
-0.065808
-0.034530
-0.003108
0.025640
0.048582
0.062842
0.066831
0.060969
0.047897
0.031609
0.016283
0.005174
-0.000041
0.000422
0.004573
0.009026
0.009605
0.002358
-0.015140
-0.042546
-0.076203
-0.109365
-0.133823
-0.142130
-0.129490
-0.095350
-0.043798
0.017226
0.077235
0.125577
0.154175
0.159405
0.142903
0.110637
0.070528
0.030088
-0.004991
-0.031352
-0.047626
-0.053948
-0.051734
-0.043512
-0.032383
-0.021335
-0.012992
-0.009218
-0.011068
-0.018809
-0.031034
-0.044185
-0.052924
-0.050973
-0.033449
0.000688
0.047648
0.098974
0.143583
0.171104
0.174616
0.152368
0.108209
0.050273
-0.011146
-0.066119
-0.107619
-0.133086
-0.144469
-0.146471
-0.143925
-0.139480
-0.132521
-0.120058
-0.098525
-0.065454
-0.021077
0.031018
0.084144
0.129494
0.158595
0.166414
0.153244
0.124745
0.089782
0.056665
0.030274
0.011094
-0.004028
-0.019726
-0.039707
-0.065221
-0.094344
-0.122205
-0.142586
-0.149842
-0.140699
-0.115426
-0.077640
-0.033082
0.012157
0.053325
0.088034
0.116151
0.138605
0.155892
0.166889
0.168696
0.157765
0.131554
0.089782
0.035173
-0.026512
-0.087212
-0.137623
-0.169060
-0.175903
-0.157508
-0.118726
-0.068626
-0.017612
0.025409
0.054560
0.067470
0.064834
0.049835
0.027820
0.005586
-0.010207
-0.015078
-0.008433
0.005965
0.021362
0.030652
0.029071
0.015786
-0.006095
-0.031075
-0.053409
-0.068656
-0.074438
-0.070310
-0.057114
-0.036829
-0.012647
0.011178
0.030016
0.040600
0.042820
0.040210
0.038567
0.043059
0.055211
0.071746
0.085929
0.090595
0.081340
0.058156
0.024959
-0.012258
-0.047549
-0.076511
-0.096738
-0.107579
-0.109498
-0.103371
-0.089945
-0.069429
-0.041718
-0.007282
0.031834
0.071273
0.104820
0.126063
0.130494
0.117093
0.088508
0.050027
0.008170
-0.030433
-0.059739
-0.075086
-0.074522
-0.060131
-0.038338
-0.018255
-0.008135
-0.011934
-0.027645
-0.048308
-0.065411
-0.072332
-0.066254
-0.048245
-0.021849
0.008477
0.038229
0.063127
0.079474
0.084602
0.077659
0.060426
0.036980
0.012622
-0.007592
-0.020469
-0.025311
-0.023369
-0.016937
-0.008273
0.000977
0.009501
0.016043
0.019415
0.018736
0.014019
0.006470
-0.001980
-0.009431
-0.014745
-0.017921
-0.019835
-0.021383
-0.022811
-0.023493
-0.022072
-0.017113
-0.007823
0.005659
0.022082
0.039069
0.053523
0.061993
0.061481
0.050569
0.030178
0.003648
-0.023931
-0.047140
-0.061781
-0.065715
-0.059176
-0.044452
-0.025169
-0.005504
0.010511
0.019913
0.021534
0.016148
0.006325
-0.004620
-0.013892
-0.019933
-0.022615
-0.022649
-0.020641
-0.016686
-0.010669
-0.002899
0.005296
0.011686
0.014154
0.011799
0.005699
-0.001329
-0.005824
-0.005028
0.001936
0.013880
0.027906
0.040473
0.048628
0.050675
0.046460
0.037094
0.024304
0.009977
-0.004015
-0.016074
-0.024980
-0.030117
-0.031703
-0.030554
-0.027636
-0.023564
-0.018391
-0.011895
-0.004030
0.004704
0.013342
0.020750
0.025838
0.027842
0.026298
0.021157
0.013159
0.003812
-0.004980
-0.011474
-0.014907
-0.015819
-0.015519
-0.015442
-0.016346
-0.017936
-0.019264
-0.019293
-0.017459
-0.014086
-0.010243
-0.007283
-0.006433
-0.008197
-0.012009
-0.016301
-0.018834
-0.017408
-0.010801
0.000734
0.015520
0.030948
0.044368
0.053593
0.057106
0.054127
0.044757
0.030294
0.013244
-0.003116
-0.015773
-0.023001
-0.024726
-0.022257
-0.017601
-0.012807
-0.009608
-0.009168
-0.011691
-0.016203
-0.020858
-0.023603
-0.023219
-0.019784
-0.014208
-0.007503
-0.000015
0.008539
0.018287
0.028513
0.037450
0.042733
0.042391
0.035626
0.022966
0.006066
-0.012830
-0.031270
-0.046638
-0.056361
-0.058298
-0.051458
-0.036785
-0.017195
0.003145
0.020172
0.031179
0.035258
0.033062
0.026187
0.016695
0.006890
-0.000924
-0.005004
-0.004774
-0.001102
0.004091
0.008736
0.011354
0.011309
0.008532
0.003160
-0.004390
-0.013058
-0.020810
-0.024929
-0.023037
-0.014265
0.000032
0.016517
0.031049
0.040125
0.041863
0.036309
0.025030
0.010389
-0.004915
-0.018184
-0.027128
-0.030245
-0.027418
-0.020141
-0.011047
-0.003026
0.001855
0.002929
0.000803
-0.003233
-0.007753
-0.011473
-0.013291
-0.012324
-0.008206
-0.001384
0.006765
0.014363
0.019706
0.021799
0.020622
0.016712
0.010736
0.003392
-0.004556
-0.011895
-0.017018
-0.018557
-0.016166
-0.010982
-0.005351
-0.001769
-0.001665
-0.004903
-0.009921
-0.014583
-0.017102
-0.016381
-0.012122
-0.004688
0.004873
0.014837
0.023040
0.027419
0.026891
0.021875
0.014150
0.006136
-0.000120
-0.003596
-0.004234
-0.002589
0.000556
0.004448
0.008229
0.010843
0.011354
0.009267
0.004785
-0.001082
-0.006927
-0.011434
-0.013631
-0.013091
-0.009926
-0.004561
0.002162
0.008908
0.014100
0.016035
0.013407
0.005967
-0.005282
-0.018135
-0.029589
-0.036761
-0.037676
-0.031734
-0.019985
-0.004819
0.010713
0.023550
0.031310
0.032838
0.028293
0.018988
0.007105
-0.004833
-0.014562
-0.020345
-0.021330
-0.017698
-0.010347
-0.000792
0.009121
0.017639
0.023179
0.024459
0.020830
0.012312
-0.000236
-0.014898
-0.029017
-0.039643
-0.044136
-0.041020
-0.030554
-0.014683
0.003423
0.020293
0.033239
0.040884
0.043084
0.040721
0.035122
0.027697
0.020015
0.013452
0.008771
0.005906
0.003795
0.000876
-0.003954
-0.010841
-0.018858
-0.026411
-0.031994
-0.034586
-0.033712
-0.029403
-0.022188
-0.013061
-0.003343
0.000000
